[
    {
        "target_wcT": [
            [
                0.5824251334536827,
                0.8128449572713998,
                -0.008002459616664133,
                0.057548212866136726
            ],
            [
                0.8080036983677341,
                -0.5778229700149293,
                0.11511141883927194,
                -0.062274793862776276
            ],
            [
                0.08894373134473278,
                -0.0735098004458088,
                -0.9933203520984021,
                0.5723863537027042
            ],
            [
                0.0,
                0.0,
                0.0,
                1.0
            ]
        ],
        "initial_wcT": [
            [
                0.25108688921147704,
                0.9672808776301465,
                0.03637413692663478,
                0.046222232007610504
            ],
            [
                0.9671871158811592,
                -0.2522138116976416,
                0.030614964681216994,
                -0.009224005863427587
            ],
            [
                0.038787329626941994,
                0.027493580341612246,
                -0.9988691836774277,
                0.8893356525405376
            ],
            [
                0.0,
                0.0,
                0.0,
                1.0
            ]
        ],
        "camera_config": {
            "width": 640,
            "height": 480,
            "K": [
                540.0,
                0.0,
                320.0,
                0.0,
                540.0,
                240.0,
                0.0,
                0.0,
                1.0
            ]
        },
        "camera_nf": [
            0.01,
            4
        ],
        "objects": [
            {
                "path": "plane.urdf",
                "scale": 1,
                "pos": [
                    0.0,
                    0.0,
                    0.0
                ],
                "orn": [
                    0.0,
                    0.0,
                    0.0,
                    1.0
                ]
            },
            {
                "path": "YcbPear/model.urdf",
                "scale": 1.0,
                "pos": [
                    0.4530810735279733,
                    0.02830269428249203,
                    0.0349222671179481
                ],
                "orn": [
                    0.3220605201308206,
                    0.8848035283783767,
                    0.09647676964873711,
                    0.322632872566304
                ]
            },
            {
                "path": "YcbMediumClamp/model.urdf",
                "scale": 1.0,
                "pos": [
                    0.022056252666191555,
                    0.19796328788523204,
                    0.012462433696793231
                ],
                "orn": [
                    0.09347933745054565,
                    0.08094932662510465,
                    0.6136187579446173,
                    0.7798595000942505
                ]
            },
            {
                "path": "YcbTennisBall/model.urdf",
                "scale": 1.0,
                "pos": [
                    0.214194532625985,
                    -0.081874295451232,
                    0.02976148061708972
                ],
                "orn": [
                    0.6081547344984892,
                    0.181607928559302,
                    0.6067101033047887,
                    0.4786117735068415
                ]
            },
            {
                "path": "YcbScissors/model.urdf",
                "scale": 1.0,
                "pos": [
                    0.29648216988742837,
                    0.16246463784710058,
                    0.00714858381858346
                ],
                "orn": [
                    0.5338384591417643,
                    0.8454516203854217,
                    0.011808843453990516,
                    -0.009413200576361531
                ]
            },
            {
                "path": "YcbGelatinBox/model.urdf",
                "scale": 1.0,
                "pos": [
                    -0.06314437439998002,
                    0.05322059882647893,
                    0.03757570138851389
                ],
                "orn": [
                    -0.005911488068091249,
                    0.7262069330123464,
                    0.549500702803502,
                    0.41308294853706995
                ]
            },
            {
                "path": "YcbGelatinBox/model.urdf",
                "scale": 1.0,
                "pos": [
                    0.10446075431710297,
                    0.09778136601655538,
                    0.012571966982937393
                ],
                "orn": [
                    0.4682208470061676,
                    0.5694494624980906,
                    -0.4290894861128798,
                    0.5218991866221364
                ]
            },
            {
                "path": "YcbMediumClamp/model.urdf",
                "scale": 1.0,
                "pos": [
                    0.1284192049383173,
                    -0.023482643437073004,
                    0.013518400190578865
                ],
                "orn": [
                    0.7229455933096319,
                    -0.6767248047266916,
                    0.009552928017459265,
                    -0.13893145557467762
                ]
            },
            {
                "path": "YcbHammer/model.urdf",
                "scale": 1.0,
                "pos": [
                    0.23324235119100128,
                    0.07836076077146877,
                    0.04076374825976391
                ],
                "orn": [
                    -0.09385673761233168,
                    0.7415257856758286,
                    0.05226248032362413,
                    0.6622681142354944
                ]
            }
        ]
    },
    {
        "target_wcT": [
            [
                -0.8301648229117736,
                0.5334708257203635,
                -0.1619729758481256,
                0.08496414206019753
            ],
            [
                0.552450014226281,
                0.8262206946593805,
                -0.11026488787439398,
                0.12203044957324462
            ],
            [
                0.07500232383896914,
                -0.1810200039272029,
                -0.9806153219264677,
                0.7144198220341725
            ],
            [
                0.0,
                0.0,
                0.0,
                1.0
            ]
        ],
        "initial_wcT": [
            [
                -0.6964477409711983,
                -0.6836361394958564,
                0.2181792219055617,
                -0.0799949837024885
            ],
            [
                -0.7125429880330004,
                0.6948533985342336,
                -0.09726893003641403,
                0.0645653181597237
            ],
            [
                -0.08510601800764762,
                -0.22320480129385006,
                -0.9710492172790495,
                0.6664642598608815
            ],
            [
                0.0,
                0.0,
                0.0,
                1.0
            ]
        ],
        "camera_config": {
            "width": 640,
            "height": 480,
            "K": [
                540.0,
                0.0,
                320.0,
                0.0,
                540.0,
                240.0,
                0.0,
                0.0,
                1.0
            ]
        },
        "camera_nf": [
            0.01,
            4
        ],
        "objects": [
            {
                "path": "plane.urdf",
                "scale": 1,
                "pos": [
                    0.0,
                    0.0,
                    0.0
                ],
                "orn": [
                    0.0,
                    0.0,
                    0.0,
                    1.0
                ]
            },
            {
                "path": "YcbGelatinBox/model.urdf",
                "scale": 1.0,
                "pos": [
                    -0.008121796723656942,
                    0.2404253024148782,
                    0.01259340977018072
                ],
                "orn": [
                    -0.08552136794911447,
                    0.7324214370112937,
                    0.07838500706417136,
                    0.670895464955587
                ]
            },
            {
                "path": "YcbPear/model.urdf",
                "scale": 1.0,
                "pos": [
                    -0.09123703317888311,
                    -0.06401490637840511,
                    0.033997790114327645
                ],
                "orn": [
                    -0.13283607496723351,
                    -0.2655059432219644,
                    0.787256643357983,
                    0.5404518006167024
                ]
            },
            {
                "path": "YcbHammer/model.urdf",
                "scale": 1.0,
                "pos": [
                    0.00993481425480344,
                    -0.23987670509208434,
                    0.019117388380649903
                ],
                "orn": [
                    -0.09467204941048163,
                    0.9954486645604779,
                    -0.002037249039077443,
                    0.010724220322861576
                ]
            },
            {
                "path": "YcbHammer/model.urdf",
                "scale": 1.0,
                "pos": [
                    0.04443867574885118,
                    0.012791462573467685,
                    0.019221809911975758
                ],
                "orn": [
                    0.7750708640776914,
                    0.6317848436267993,
                    -0.009659593636325537,
                    0.004445140279295599
                ]
            },
            {
                "path": "YcbPowerDrill/model.urdf",
                "scale": 1.0,
                "pos": [
                    -0.18147719963557354,
                    0.10989901028502541,
                    0.02779699371048049
                ],
                "orn": [
                    0.4997484528451775,
                    -0.4943027995852359,
                    -0.447620908730317,
                    0.5527673545611163
                ]
            },
            {
                "path": "YcbMediumClamp/model.urdf",
                "scale": 1.0,
                "pos": [
                    0.07910899312439201,
                    0.2955674706531132,
                    0.013528394684645336
                ],
                "orn": [
                    0.5464373740807589,
                    0.8255606834964475,
                    -0.14031633880227054,
                    0.012925909551348768
                ]
            },
            {
                "path": "YcbMasterChefCan/model.urdf",
                "scale": 1.0,
                "pos": [
                    0.14929595692750086,
                    0.12262213834889457,
                    0.03303711825453481
                ],
                "orn": [
                    -0.6921718677920592,
                    0.14459108001340323,
                    -0.2573246318002428,
                    0.65861639737155
                ]
            },
            {
                "path": "YcbChipsCan/model.urdf",
                "scale": 1.0,
                "pos": [
                    0.06276498038192854,
                    0.07772623433410274,
                    0.05499998468323051
                ],
                "orn": [
                    0.5784430845236238,
                    -0.2729643226775403,
                    0.6680580488794757,
                    0.3802532312017028
                ]
            }
        ]
    },
    {
        "target_wcT": [
            [
                -0.7998669773476276,
                -0.5251710725329686,
                0.2905308299016495,
                -0.15326998805743922
            ],
            [
                -0.5921440182156078,
                0.7694729821759312,
                -0.2393257014880612,
                0.15786307099486177
            ],
            [
                -0.09786868876328031,
                -0.3634648184843341,
                -0.9264529375439997,
                0.7186648763813175
            ],
            [
                0.0,
                0.0,
                0.0,
                1.0
            ]
        ],
        "initial_wcT": [
            [
                0.9435003474420917,
                -0.32895909318916017,
                -0.03991252165446028,
                -0.01326679335252734
            ],
            [
                -0.32720444176136915,
                -0.9438944642179611,
                0.044726879058561174,
                -0.060254402518846575
            ],
            [
                -0.05238652181891007,
                -0.029140271564516648,
                -0.9982016313875987,
                0.7725355205773224
            ],
            [
                0.0,
                0.0,
                0.0,
                1.0
            ]
        ],
        "camera_config": {
            "width": 640,
            "height": 480,
            "K": [
                540.0,
                0.0,
                320.0,
                0.0,
                540.0,
                240.0,
                0.0,
                0.0,
                1.0
            ]
        },
        "camera_nf": [
            0.01,
            4
        ],
        "objects": [
            {
                "path": "plane.urdf",
                "scale": 1,
                "pos": [
                    0.0,
                    0.0,
                    0.0
                ],
                "orn": [
                    0.0,
                    0.0,
                    0.0,
                    1.0
                ]
            },
            {
                "path": "YcbCrackerBox/model.urdf",
                "scale": 1.0,
                "pos": [
                    0.03948681242201466,
                    -0.21908816993761016,
                    0.02926579368256381
                ],
                "orn": [
                    -0.6964838669120889,
                    -0.12188585774710198,
                    0.6965416687704155,
                    -0.12199903474602494
                ]
            },
            {
                "path": "YcbMasterChefCan/model.urdf",
                "scale": 1.0,
                "pos": [
                    -0.03287301254804272,
                    0.24248975464465808,
                    0.03368345203008394
                ],
                "orn": [
                    -0.7037250842105842,
                    0.06764177312457058,
                    -0.48204693731694137,
                    0.5175194166451412
                ]
            },
            {
                "path": "YcbPowerDrill/model.urdf",
                "scale": 1.0,
                "pos": [
                    -0.2564093589293959,
                    -0.059138619287037696,
                    0.03281504616656099
                ],
                "orn": [
                    -0.30542127976732647,
                    -0.6516743022208407,
                    0.6538796101074912,
                    0.23340929967750682
                ]
            },
            {
                "path": "YcbPear/model.urdf",
                "scale": 1.0,
                "pos": [
                    -0.01621366102235408,
                    0.07036895552230732,
                    0.023717225955898178
                ],
                "orn": [
                    0.03503680505367573,
                    0.1742613299341725,
                    0.9840439567052599,
                    0.007931106673141205
                ]
            },
            {
                "path": "YcbPowerDrill/model.urdf",
                "scale": 1.0,
                "pos": [
                    0.11281481202599364,
                    -0.006210686299761674,
                    0.05267694071180802
                ],
                "orn": [
                    0.598266934409629,
                    0.13577873807194102,
                    -0.06983232433399701,
                    0.7866156977570481
                ]
            },
            {
                "path": "YcbBanana/model.urdf",
                "scale": 1.0,
                "pos": [
                    -0.10951865823059387,
                    0.08297634213477004,
                    0.06426172758397829
                ],
                "orn": [
                    -0.4300656941101483,
                    0.5652709334772889,
                    0.4960781142296128,
                    -0.49941843688200194
                ]
            },
            {
                "path": "YcbFoamBrick/model.urdf",
                "scale": 1.0,
                "pos": [
                    -0.15451902820056773,
                    0.042528915187464406,
                    0.03996286985640556
                ],
                "orn": [
                    -0.4855203399108446,
                    0.564612750323551,
                    0.5092993207835322,
                    -0.43138920194456193
                ]
            },
            {
                "path": "YcbTennisBall/model.urdf",
                "scale": 1.0,
                "pos": [
                    -0.07620359134053448,
                    0.0676015623690294,
                    0.03254995643704951
                ],
                "orn": [
                    -0.6023563980433368,
                    0.41656754851340555,
                    0.6029520854627854,
                    0.31636534244108727
                ]
            }
        ]
    },
    {
        "target_wcT": [
            [
                0.9331600669834602,
                -0.3237645983271833,
                0.15616905665804037,
                -0.03682888667745374
            ],
            [
                -0.35906652026123864,
                -0.8599203853021908,
                0.36277839650290294,
                -0.22624064437830102
            ],
            [
                0.0168381535481197,
                -0.39460539252748394,
                -0.9186963920541543,
                0.6661966175701792
            ],
            [
                0.0,
                0.0,
                0.0,
                1.0
            ]
        ],
        "initial_wcT": [
            [
                -0.9326829240159625,
                -0.3583977602302476,
                0.04066458792335358,
                -0.03645177378679592
            ],
            [
                -0.3578112111386578,
                0.9050882392762751,
                -0.2297529462428257,
                0.2394138555771617
            ],
            [
                0.04553790105528583,
                -0.22883689515835043,
                -0.9723990821580227,
                0.8279307539527998
            ],
            [
                0.0,
                0.0,
                0.0,
                1.0
            ]
        ],
        "camera_config": {
            "width": 640,
            "height": 480,
            "K": [
                540.0,
                0.0,
                320.0,
                0.0,
                540.0,
                240.0,
                0.0,
                0.0,
                1.0
            ]
        },
        "camera_nf": [
            0.01,
            4
        ],
        "objects": [
            {
                "path": "plane.urdf",
                "scale": 1,
                "pos": [
                    0.0,
                    0.0,
                    0.0
                ],
                "orn": [
                    0.0,
                    0.0,
                    0.0,
                    1.0
                ]
            },
            {
                "path": "YcbMustardBottle/model.urdf",
                "scale": 1.0,
                "pos": [
                    -0.11428386259055448,
                    -0.005580311292248141,
                    0.07122331623876041
                ],
                "orn": [
                    -0.4133752407296218,
                    -0.07288998857970502,
                    0.8944272742656938,
                    -0.15429779961561008
                ]
            },
            {
                "path": "YcbCrackerBox/model.urdf",
                "scale": 1.0,
                "pos": [
                    -0.10573244416918552,
                    -0.2524199081701626,
                    0.029356296175831145
                ],
                "orn": [
                    -0.11761527817937159,
                    0.6972568072912035,
                    0.11681382624261967,
                    0.6973909384437295
                ]
            },
            {
                "path": "YcbMustardBottle/model.urdf",
                "scale": 1.0,
                "pos": [
                    -0.06557867671336255,
                    -0.15241580161063142,
                    0.08573700812312499
                ],
                "orn": [
                    0.4430637384036778,
                    0.7330095962754796,
                    0.15107170192477026,
                    -0.4935268952725571
                ]
            },
            {
                "path": "YcbMasterChefCan/model.urdf",
                "scale": 1.0,
                "pos": [
                    0.19828631819220918,
                    -0.10438924676192958,
                    0.033899640741831764
                ],
                "orn": [
                    0.3021475582918484,
                    0.6396910009429988,
                    -0.5546262875542125,
                    0.43805474256609783
                ]
            },
            {
                "path": "YcbPowerDrill/model.urdf",
                "scale": 1.0,
                "pos": [
                    -0.18173108530618684,
                    0.15186635155448747,
                    0.027489035842411965
                ],
                "orn": [
                    0.5580450670771623,
                    -0.4232056353159179,
                    -0.4478297090648199,
                    0.5558158373297892
                ]
            },
            {
                "path": "YcbMasterChefCan/model.urdf",
                "scale": 1.0,
                "pos": [
                    0.13973241699856598,
                    0.10632518228854242,
                    0.03542959423443321
                ],
                "orn": [
                    0.6367938423434012,
                    -0.30733976197398655,
                    0.6904928493135202,
                    0.1524975347676061
                ]
            },
            {
                "path": "YcbBanana/model.urdf",
                "scale": 1.0,
                "pos": [
                    -0.09400014835645108,
                    0.0017037842260819234,
                    0.04875125154670695
                ],
                "orn": [
                    -0.5641597930844086,
                    -0.33980082890604973,
                    -0.247710041220043,
                    0.7105623547729526
                ]
            },
            {
                "path": "YcbBanana/model.urdf",
                "scale": 1.0,
                "pos": [
                    0.0646255226413685,
                    -0.2785342153404151,
                    0.0156999445921785
                ],
                "orn": [
                    0.1118073415635548,
                    -0.10781351483073355,
                    -0.6906704359531755,
                    0.7062929373090068
                ]
            }
        ]
    },
    {
        "target_wcT": [
            [
                -0.8420385861506786,
                0.46216476653451116,
                -0.2781631679562678,
                0.1576618412430123
            ],
            [
                0.5296511003595074,
                0.8060665511423587,
                -0.2640576206388032,
                0.18125403718258307
            ],
            [
                0.10217989685515044,
                -0.36967613353253387,
                -0.9235252162096641,
                0.7659212760930877
            ],
            [
                0.0,
                0.0,
                0.0,
                1.0
            ]
        ],
        "initial_wcT": [
            [
                -0.5491746574722085,
                0.8193526747027587,
                -0.16452473992600003,
                0.07511260868320287
            ],
            [
                0.8317702278489286,
                0.5549782646132282,
                -0.012546468468515875,
                0.04832202229258825
            ],
            [
                0.08102767215232189,
                -0.1437369829387178,
                -0.9862931592996328,
                0.6773929426036921
            ],
            [
                0.0,
                0.0,
                0.0,
                1.0
            ]
        ],
        "camera_config": {
            "width": 640,
            "height": 480,
            "K": [
                540.0,
                0.0,
                320.0,
                0.0,
                540.0,
                240.0,
                0.0,
                0.0,
                1.0
            ]
        },
        "camera_nf": [
            0.01,
            4
        ],
        "objects": [
            {
                "path": "plane.urdf",
                "scale": 1,
                "pos": [
                    0.0,
                    0.0,
                    0.0
                ],
                "orn": [
                    0.0,
                    0.0,
                    0.0,
                    1.0
                ]
            },
            {
                "path": "YcbFoamBrick/model.urdf",
                "scale": 1.0,
                "pos": [
                    -0.06129666010936865,
                    0.1419874076956161,
                    0.018365801505023472
                ],
                "orn": [
                    0.01894964216078456,
                    -0.023880900407109995,
                    0.6214981013936149,
                    0.7828222809947708
                ]
            },
            {
                "path": "YcbScissors/model.urdf",
                "scale": 1.0,
                "pos": [
                    -0.014737171237281509,
                    0.18200557196582645,
                    0.05205091576318685
                ],
                "orn": [
                    0.074177305471285,
                    0.24646990001579078,
                    0.866014422621326,
                    -0.42868325783855493
                ]
            },
            {
                "path": "YcbPear/model.urdf",
                "scale": 1.0,
                "pos": [
                    0.008684256470631644,
                    -0.02535884663053081,
                    0.02571307574209589
                ],
                "orn": [
                    0.2231050228194157,
                    0.14925228658354459,
                    0.9578762198845732,
                    0.10208354971283208
                ]
            },
            {
                "path": "YcbStrawberry/model.urdf",
                "scale": 1.0,
                "pos": [
                    0.04352081853248014,
                    0.1653250618825307,
                    0.022466437133491224
                ],
                "orn": [
                    0.8069937137903548,
                    0.1428742863955931,
                    -0.38619244684645654,
                    -0.4233243179744673
                ]
            },
            {
                "path": "YcbGelatinBox/model.urdf",
                "scale": 1.0,
                "pos": [
                    -0.09614737543848004,
                    0.03190666940972837,
                    0.017499291613275413
                ],
                "orn": [
                    -0.039610568762551236,
                    -0.6742936537750618,
                    -0.04316638019965006,
                    0.7361356769926612
                ]
            },
            {
                "path": "YcbCrackerBox/model.urdf",
                "scale": 1.0,
                "pos": [
                    -0.1670144884271087,
                    -0.03097795563596296,
                    0.05385193145719722
                ],
                "orn": [
                    0.6263919426920307,
                    -0.32806942617877904,
                    0.6910575423627052,
                    0.14981007603244997
                ]
            },
            {
                "path": "YcbMasterChefCan/model.urdf",
                "scale": 1.0,
                "pos": [
                    0.13835395844057566,
                    -0.22298211443647353,
                    0.03291377868454741
                ],
                "orn": [
                    -0.3809268536130298,
                    0.5956267508301031,
                    -0.4315164578556537,
                    0.5602830110683005
                ]
            },
            {
                "path": "YcbTennisBall/model.urdf",
                "scale": 1.0,
                "pos": [
                    0.1312321927176666,
                    0.11370156039508152,
                    0.02550685368228663
                ],
                "orn": [
                    0.11364070426664831,
                    -0.03612526742363109,
                    0.21231811788538502,
                    0.9698978153418839
                ]
            }
        ]
    },
    {
        "target_wcT": [
            [
                0.7181157417177708,
                -0.6952399568063324,
                0.03084127035426152,
                -0.03626211033020274
            ],
            [
                -0.6945500292565999,
                -0.7187772421538091,
                -0.03097633001859079,
                -0.02845992867612569
            ],
            [
                0.04370398559389989,
                0.0008237849801317366,
                -0.9990441847193321,
                0.5979939509205981
            ],
            [
                0.0,
                0.0,
                0.0,
                1.0
            ]
        ],
        "initial_wcT": [
            [
                -0.6258353504683304,
                -0.7347599812354221,
                0.2616445758640995,
                -0.17091047993923392
            ],
            [
                -0.779951384487345,
                0.5906171682767195,
                -0.20699564819836955,
                0.1570541541496916
            ],
            [
                -0.0024396599057697147,
                -0.33361524322445435,
                -0.9427061671315368,
                0.7575202744282731
            ],
            [
                0.0,
                0.0,
                0.0,
                1.0
            ]
        ],
        "camera_config": {
            "width": 640,
            "height": 480,
            "K": [
                540.0,
                0.0,
                320.0,
                0.0,
                540.0,
                240.0,
                0.0,
                0.0,
                1.0
            ]
        },
        "camera_nf": [
            0.01,
            4
        ],
        "objects": [
            {
                "path": "plane.urdf",
                "scale": 1,
                "pos": [
                    0.0,
                    0.0,
                    0.0
                ],
                "orn": [
                    0.0,
                    0.0,
                    0.0,
                    1.0
                ]
            },
            {
                "path": "YcbMasterChefCan/model.urdf",
                "scale": 1.0,
                "pos": [
                    -0.1128233235943122,
                    0.13943491142301412,
                    0.0385376217133948
                ],
                "orn": [
                    0.09400146699877682,
                    0.7008205160100655,
                    0.7063778595168277,
                    0.03232101678301992
                ]
            },
            {
                "path": "YcbTennisBall/model.urdf",
                "scale": 1.0,
                "pos": [
                    -0.013303108881981046,
                    -0.030298142436906542,
                    0.03163501125702349
                ],
                "orn": [
                    0.08702238996775694,
                    0.6257307396758337,
                    -0.2708002591571956,
                    0.7263300659544732
                ]
            },
            {
                "path": "YcbPottedMeatCan/model.urdf",
                "scale": 1.0,
                "pos": [
                    -0.019388890299417493,
                    -0.17638648177730873,
                    0.027034917920548296
                ],
                "orn": [
                    0.692126393494645,
                    0.08700366707540126,
                    0.15169967746538382,
                    0.7002703943480882
                ]
            },
            {
                "path": "YcbFoamBrick/model.urdf",
                "scale": 1.0,
                "pos": [
                    0.07459952165470048,
                    -0.09070224780897443,
                    0.050153956580171084
                ],
                "orn": [
                    0.9327862624161469,
                    -0.04094578344413699,
                    -0.04188172817219108,
                    0.3556390759058568
                ]
            },
            {
                "path": "YcbChipsCan/model.urdf",
                "scale": 1.0,
                "pos": [
                    -0.10813836636324266,
                    -0.13327648218050375,
                    0.03669968152268743
                ],
                "orn": [
                    0.6905164202537535,
                    0.15227368431887442,
                    -0.4715785574450475,
                    0.5268903705534439
                ]
            },
            {
                "path": "YcbMustardBottle/model.urdf",
                "scale": 1.0,
                "pos": [
                    0.09063095376604162,
                    -0.032687823554646625,
                    0.057038099433503194
                ],
                "orn": [
                    -0.016426020694043895,
                    -0.5439159219362455,
                    0.3483473082692208,
                    0.7632429551132401
                ]
            },
            {
                "path": "YcbCrackerBox/model.urdf",
                "scale": 1.0,
                "pos": [
                    0.06651383716390663,
                    0.2584442458764369,
                    0.029266808173364738
                ],
                "orn": [
                    0.5191540365057331,
                    0.48008211056426925,
                    -0.5191538244923052,
                    0.4800828678582206
                ]
            },
            {
                "path": "YcbTennisBall/model.urdf",
                "scale": 1.0,
                "pos": [
                    -0.1549717635537972,
                    -0.08892603725409037,
                    0.035171494844484966
                ],
                "orn": [
                    -0.666237501811611,
                    -0.28795341511906386,
                    0.2574361128342097,
                    0.637916193327857
                ]
            }
        ]
    },
    {
        "target_wcT": [
            [
                0.49682839178926935,
                0.8345443483520255,
                -0.23811190593034404,
                0.15036824976699778
            ],
            [
                0.8665264599945709,
                -0.4618938123260009,
                0.1891718802154015,
                -0.10089387125249001
            ],
            [
                0.04788990751051296,
                -0.30031622794755153,
                -0.9526367198412985,
                0.5042708775979029
            ],
            [
                0.0,
                0.0,
                0.0,
                1.0
            ]
        ],
        "initial_wcT": [
            [
                0.5815371207735183,
                -0.7752360828215366,
                0.24662439671282757,
                -0.09789860446054152
            ],
            [
                -0.8134950864152318,
                -0.556519721668797,
                0.16885361640178012,
                -0.08708102597284034
            ],
            [
                0.006349924465791432,
                -0.29882238083049334,
                -0.9542876207800637,
                0.5690096173557497
            ],
            [
                0.0,
                0.0,
                0.0,
                1.0
            ]
        ],
        "camera_config": {
            "width": 640,
            "height": 480,
            "K": [
                540.0,
                0.0,
                320.0,
                0.0,
                540.0,
                240.0,
                0.0,
                0.0,
                1.0
            ]
        },
        "camera_nf": [
            0.01,
            4
        ],
        "objects": [
            {
                "path": "plane.urdf",
                "scale": 1,
                "pos": [
                    0.0,
                    0.0,
                    0.0
                ],
                "orn": [
                    0.0,
                    0.0,
                    0.0,
                    1.0
                ]
            },
            {
                "path": "YcbFoamBrick/model.urdf",
                "scale": 1.0,
                "pos": [
                    -0.03546571676945409,
                    -0.1606076655303284,
                    0.04126912319694162
                ],
                "orn": [
                    0.49836447286297497,
                    -0.3664880951085719,
                    -0.40309945310741974,
                    0.6744109720609524
                ]
            },
            {
                "path": "YcbFoamBrick/model.urdf",
